-8.947753906250000000e-02 -5.139160156250000000e-02 -1.164550781250000000e-01
4.987792968750000000e-01 -4.580688476562500000e-02 -1.530647277832031250e-03
-2.692871093750000000e-01 -1.145935058593750000e-02 3.645019531250000000e-01
-4.990234375000000000e-01 -3.930664062500000000e-02 -1.893310546875000000e-01
1.898193359375000000e-01 5.331420898437500000e-02 1.077270507812500000e-02
-4.826660156250000000e-01 -3.726196289062500000e-02 1.297607421875000000e-01
-2.339172363281250000e-02 -7.763671875000000000e-02 1.895751953125000000e-01
-2.573242187500000000e-01 -1.353454589843750000e-02 -3.649902343750000000e-01
-3.012695312500000000e-01 1.095581054687500000e-01 -1.008911132812500000e-01
-2.454833984375000000e-01 -7.763671875000000000e-02 7.141113281250000000e-02
-3.359375000000000000e-01 1.333007812500000000e-01 1.185302734375000000e-01
-4.339599609375000000e-02 -2.500915527343750000e-02 -3.466796875000000000e-01
6.414794921875000000e-02 -1.104125976562500000e-01 5.058288574218750000e-03
-8.190917968750000000e-02 -1.907348632812500000e-02 3.593750000000000000e-01
-3.991699218750000000e-01 -6.494140625000000000e-02 -3.271484375000000000e-02
3.198242187500000000e-01 -7.482910156250000000e-02 -2.589225769042968750e-04
-7.983398437500000000e-02 7.808685302734375000e-03 4.742431640625000000e-02
-1.788330078125000000e-01 -7.980346679687500000e-03 2.148437500000000000e-01
-2.369384765625000000e-01 -1.992797851562500000e-02 -1.940917968750000000e-01
-2.031250000000000000e-01 9.506225585937500000e-03 -4.309082031250000000e-02
-1.246948242187500000e-01 -1.244506835937500000e-01 2.138137817382812500e-03
2.810668945312500000e-02 1.428222656250000000e-02 -6.915283203125000000e-02
-3.583984375000000000e-01 5.668640136718750000e-03 7.830810546875000000e-02
1.975097656250000000e-01 -1.273193359375000000e-01 1.227569580078125000e-02
-1.034545898437500000e-02 -6.634521484375000000e-02 -2.231445312500000000e-01
-1.999511718750000000e-01 -1.223754882812500000e-01 -1.132812500000000000e-01
4.962158203125000000e-02 4.062652587890625000e-03 6.695556640625000000e-02
-1.285400390625000000e-01 -1.299285888671875000e-02 -2.553710937500000000e-01
-1.315917968750000000e-01 -8.032226562500000000e-02 1.271972656250000000e-01
-2.451171875000000000e-01 5.072021484375000000e-02 8.489990234375000000e-02
-2.958984375000000000e-01 -4.785156250000000000e-02 -8.709716796875000000e-02
-3.967285156250000000e-01 -3.152465820312500000e-02 -1.411132812500000000e-01
1.328125000000000000e-01 -2.818298339843750000e-02 -3.469848632812500000e-02
-4.790039062500000000e-01 -1.363372802734375000e-02 2.372741699218750000e-02
-3.482055664062500000e-02 -6.665039062500000000e-02 -2.442932128906250000e-02
3.994140625000000000e-01 -2.597808837890625000e-03 -6.381988525390625000e-03
-1.795654296875000000e-01 -3.451538085937500000e-02 3.164062500000000000e-01
-8.471679687500000000e-02 -2.536010742187500000e-02 2.563476562500000000e-01
-1.488037109375000000e-01 -2.896118164062500000e-02 -3.544921875000000000e-01
2.824707031250000000e-01 1.870727539062500000e-02 -1.408386230468750000e-02
-3.588867187500000000e-01 2.963256835937500000e-02 -6.964111328125000000e-02
9.704589843750000000e-03 -7.189941406250000000e-02 -1.204223632812500000e-01
-1.601562500000000000e-01 -8.197021484375000000e-02 -1.927490234375000000e-01
-2.121582031250000000e-01 -8.917236328125000000e-02 -2.230834960937500000e-02
-2.919921875000000000e-01 2.030944824218750000e-02 -4.320144653320312500e-04
-6.774902343750000000e-02 -7.896423339843750000e-03 1.420898437500000000e-01
-1.660156250000000000e-01 9.880065917968750000e-04 9.490966796875000000e-02
-3.173828125000000000e-01 -6.915283203125000000e-02 1.181030273437500000e-02
-1.066894531250000000e-01 8.064270019531250000e-03 -4.714965820312500000e-02
2.091064453125000000e-01 -3.717041015625000000e-02 3.038024902343750000e-02
-2.174072265625000000e-01 -8.148193359375000000e-02 1.776123046875000000e-01
-2.175292968750000000e-01 -1.497650146484375000e-02 -2.832031250000000000e-01
-1.630859375000000000e-01 -2.372741699218750000e-03 -1.356201171875000000e-01
9.558105468750000000e-02 4.647827148437500000e-02 -1.643180847167968750e-03
-3.955078125000000000e-01 -3.768920898437500000e-02 1.488037109375000000e-01
-4.633789062500000000e-01 -2.949523925781250000e-02 -8.282470703125000000e-02
-4.025268554687500000e-02 -6.750488281250000000e-02 7.189941406250000000e-02
-1.637268066406250000e-02 4.779052734375000000e-02 1.001358032226562500e-03
-4.060058593750000000e-01 -6.204223632812500000e-02 5.462646484375000000e-02
-6.823730468750000000e-02 -1.205444335937500000e-02 -1.909179687500000000e-01
-3.811035156250000000e-01 1.356201171875000000e-01 -1.156005859375000000e-01
-1.364746093750000000e-01 -8.245849609375000000e-02 2.210693359375000000e-01
2.113037109375000000e-01 -1.870155334472656250e-03 -5.502319335937500000e-02
1.320800781250000000e-01 -1.031494140625000000e-02 5.474853515625000000e-02
-2.683105468750000000e-01 3.295898437500000000e-02 -8.923339843750000000e-02
-2.409667968750000000e-01 -1.573181152343750000e-02 1.345214843750000000e-01
-1.942138671875000000e-01 -1.326904296875000000e-01 1.033325195312500000e-01
-1.221313476562500000e-01 -1.179809570312500000e-01 -8.215332031250000000e-02
-9.020996093750000000e-02 -8.038330078125000000e-02 -2.335205078125000000e-01
-1.542968750000000000e-01 2.951049804687500000e-02 1.375579833984375000e-02
-3.820800781250000000e-01 6.666183471679687500e-04 5.546569824218750000e-03
-2.115478515625000000e-01 -4.763793945312500000e-02 -9.094238281250000000e-02
2.464599609375000000e-01 -7.250976562500000000e-02 -2.413940429687500000e-02
5.642700195312500000e-02 -4.611206054687500000e-02 -3.259277343750000000e-02
-1.552734375000000000e-01 -8.441162109375000000e-02 5.661010742187500000e-02
-4.345703125000000000e-02 -1.926422119140625000e-03 -8.404541015625000000e-02
-3.159179687500000000e-01 7.244873046875000000e-02 8.172607421875000000e-02
-3.144531250000000000e-01 -5.758666992187500000e-02 8.483886718750000000e-02
-4.575195312500000000e-01 -3.726196289062500000e-02 1.983642578125000000e-01
-2.299804687500000000e-01 -2.091979980468750000e-02 2.644042968750000000e-01
-2.259521484375000000e-01 9.956359863281250000e-03 2.853393554687500000e-02
-2.178955078125000000e-01 -7.666015625000000000e-02 -2.344970703125000000e-01
2.532958984375000000e-02 -5.715942382812500000e-02 3.039550781250000000e-02
-5.520629882812500000e-02 -1.176147460937500000e-01 1.951599121093750000e-02
-1.858520507812500000e-02 -4.409790039062500000e-03 9.271240234375000000e-02
1.385498046875000000e-01 -8.734130859375000000e-02 1.729011535644531250e-03
-1.364746093750000000e-01 -5.432128906250000000e-03 1.596679687500000000e-01
-4.583740234375000000e-02 -7.708740234375000000e-02 -1.646728515625000000e-01
4.313964843750000000e-01 -6.213378906250000000e-02 6.454467773437500000e-03
3.347167968750000000e-01 -1.279449462890625000e-02 2.403259277343750000e-02
1.029205322265625000e-02 -6.585693359375000000e-02 1.176757812500000000e-01
-6.390380859375000000e-02 -7.446289062500000000e-02 1.358642578125000000e-01
-1.727294921875000000e-01 -7.682800292968750000e-03 -2.052001953125000000e-01
-1.915283203125000000e-01 -6.268310546875000000e-02 1.070556640625000000e-01
-2.934570312500000000e-01 6.710052490234375000e-03 8.361816406250000000e-02
-4.355468750000000000e-01 -2.436637878417968750e-04 -3.155517578125000000e-02
-1.491699218750000000e-01 -6.475830078125000000e-02 -5.931854248046875000e-03
-1.488037109375000000e-01 -7.775878906250000000e-02 -1.289062500000000000e-01
-9.265136718750000000e-02 -4.382324218750000000e-02 1.926269531250000000e-01
-3.618164062500000000e-01 -4.754638671875000000e-02 -8.282470703125000000e-02
