2.150878906250000000e-01 -9.063720703125000000e-02 -2.022705078125000000e-01
5.019531250000000000e-01 -1.082763671875000000e-01 2.543640136718750000e-02
6.811523437500000000e-02 -8.477783203125000000e-02 4.399414062500000000e-01
-4.970703125000000000e-01 4.583740234375000000e-02 -1.634521484375000000e-01
3.552246093750000000e-01 -3.051757812500000000e-02 4.016113281250000000e-02
-4.538574218750000000e-01 7.727050781250000000e-02 7.342529296875000000e-02
3.369140625000000000e-01 -5.642700195312500000e-02 3.254394531250000000e-01
6.878662109375000000e-02 -8.459472656250000000e-02 -4.428710937500000000e-01
-3.315429687500000000e-01 8.184814453125000000e-02 -8.300781250000000000e-02
-1.065673828125000000e-01 -9.838867187500000000e-02 2.137756347656250000e-02
-3.862304687500000000e-01 9.155273437500000000e-02 8.215332031250000000e-02
2.734375000000000000e-01 -6.738281250000000000e-02 -4.016113281250000000e-01
2.780761718750000000e-01 -1.387939453125000000e-01 2.920532226562500000e-02
2.792968750000000000e-01 -6.683349609375000000e-02 3.981933593750000000e-01
-4.296875000000000000e-01 -5.123901367187500000e-02 -3.618240356445312500e-03
4.057617187500000000e-01 -1.312255859375000000e-01 -1.405334472656250000e-02
1.595458984375000000e-01 4.238128662109375000e-03 3.530883789062500000e-02
1.095581054687500000e-01 -6.311035156250000000e-02 2.836914062500000000e-01
-3.359985351562500000e-02 -2.841186523437500000e-02 -9.155273437500000000e-02
-7.472991943359375000e-03 -3.729248046875000000e-02 -3.192138671875000000e-02
1.170043945312500000e-01 -1.263427734375000000e-01 1.503753662109375000e-02
2.481689453125000000e-01 -6.573486328125000000e-02 -1.427001953125000000e-01
-2.980957031250000000e-01 4.596710205078125000e-03 5.241394042968750000e-03
3.356933593750000000e-01 -1.467285156250000000e-01 -7.389068603515625000e-03
3.339843750000000000e-01 -5.249023437500000000e-02 -3.649902343750000000e-01
6.542968750000000000e-02 -1.021728515625000000e-01 -6.573486328125000000e-02
2.697753906250000000e-01 -5.855560302734375000e-03 4.330444335937500000e-02
1.387939453125000000e-01 -4.766845703125000000e-02 -3.623046875000000000e-01
9.808349609375000000e-02 -9.722900390625000000e-02 1.251220703125000000e-01
-3.607177734375000000e-02 -2.511596679687500000e-02 9.069824218750000000e-02
-1.893310546875000000e-01 -7.989501953125000000e-02 -4.855346679687500000e-02
-4.050292968750000000e-01 4.690551757812500000e-02 -1.651611328125000000e-01
3.056640625000000000e-01 -1.054687500000000000e-01 -1.234130859375000000e-01
-4.729003906250000000e-01 1.328125000000000000e-01 -1.034545898437500000e-02
2.336425781250000000e-01 -1.187133789062500000e-01 -7.122802734375000000e-02
4.177246093750000000e-01 -7.275390625000000000e-02 -5.145263671875000000e-02
1.962890625000000000e-01 -8.532714843750000000e-02 4.458007812500000000e-01
2.178955078125000000e-01 -4.360961914062500000e-02 3.330078125000000000e-01
2.124023437500000000e-01 -8.416748046875000000e-02 -4.370117187500000000e-01
3.620605468750000000e-01 -2.981567382812500000e-02 -3.149414062500000000e-02
-4.033203125000000000e-01 9.161376953125000000e-02 -6.311035156250000000e-02
3.374023437500000000e-01 -6.262207031250000000e-02 -2.927246093750000000e-01
1.480712890625000000e-01 -6.866455078125000000e-02 -1.864013671875000000e-01
-1.257324218750000000e-01 -9.338378906250000000e-02 -4.495239257812500000e-02
-2.390136718750000000e-01 -4.168701171875000000e-02 -6.961822509765625000e-03
2.470703125000000000e-01 -6.420898437500000000e-02 1.602783203125000000e-01
2.497863769531250000e-02 -3.372192382812500000e-02 3.038024902343750000e-02
-2.749023437500000000e-01 -9.686279296875000000e-02 6.301879882812500000e-03
1.456298828125000000e-01 -3.021240234375000000e-02 -5.209350585937500000e-02
4.067382812500000000e-01 -1.154174804687500000e-01 5.526733398437500000e-02
9.106445312500000000e-02 -7.995605468750000000e-02 1.926269531250000000e-01
1.398925781250000000e-01 -7.305908203125000000e-02 -4.362792968750000000e-01
6.579589843750000000e-02 -3.442382812500000000e-02 -4.077148437500000000e-02
2.954101562500000000e-01 -2.323913574218750000e-02 -4.833984375000000000e-02
-3.789062500000000000e-01 5.380249023437500000e-02 1.402587890625000000e-01
-4.694824218750000000e-01 7.531738281250000000e-02 -9.503173828125000000e-02
1.691894531250000000e-01 -1.144409179687500000e-01 6.118774414062500000e-02
2.075195312500000000e-01 2.574157714843750000e-02 -1.133728027343750000e-02
-3.359375000000000000e-01 -7.629394531250000000e-02 5.154418945312500000e-02
2.174072265625000000e-01 -5.084228515625000000e-02 -2.724609375000000000e-01
-3.884277343750000000e-01 1.466064453125000000e-01 -5.496978759765625000e-03
1.804199218750000000e-01 -5.566406250000000000e-02 2.661132812500000000e-01
3.378906250000000000e-01 -8.099365234375000000e-02 -1.918945312500000000e-01
3.161621093750000000e-01 -7.324218750000000000e-02 1.500244140625000000e-01
-9.924316406250000000e-02 -3.010559082031250000e-02 -7.995605468750000000e-02
-9.991455078125000000e-02 -4.193115234375000000e-02 7.513427734375000000e-02
2.574157714843750000e-02 -1.042480468750000000e-01 3.988647460937500000e-02
1.480712890625000000e-01 -1.124877929687500000e-01 -5.844116210937500000e-02
2.358398437500000000e-01 -6.677246093750000000e-02 -3.378906250000000000e-01
9.515380859375000000e-02 -1.919555664062500000e-02 2.368164062500000000e-02
-3.576660156250000000e-01 -3.524780273437500000e-02 -1.212310791015625000e-02
-6.045532226562500000e-02 -9.490966796875000000e-02 -5.386352539062500000e-02
3.559570312500000000e-01 -1.094360351562500000e-01 -6.970214843750000000e-02
2.207031250000000000e-01 -4.241943359375000000e-02 -6.146240234375000000e-02
1.252441406250000000e-01 -6.335449218750000000e-02 7.110595703125000000e-02
1.779785156250000000e-01 -7.373046875000000000e-02 -1.262207031250000000e-01
-3.371582031250000000e-01 8.862304687500000000e-02 3.121948242187500000e-02
-2.241210937500000000e-01 -8.666992187500000000e-02 5.307006835937500000e-02
-4.987792968750000000e-01 4.721069335937500000e-02 1.607666015625000000e-01
1.357421875000000000e-01 -6.445312500000000000e-02 3.762207031250000000e-01
-6.463623046875000000e-02 -3.500366210937500000e-02 1.795959472656250000e-02
8.502197265625000000e-02 -8.441162109375000000e-02 -1.680908203125000000e-01
2.380371093750000000e-01 -1.154785156250000000e-01 7.861328125000000000e-02
2.108154296875000000e-01 -1.452636718750000000e-01 1.596069335937500000e-02
1.925048828125000000e-01 -5.038452148437500000e-02 6.530761718750000000e-02
3.093261718750000000e-01 -1.121215820312500000e-01 8.959960937500000000e-02
1.602783203125000000e-01 -8.880615234375000000e-02 2.023925781250000000e-01
2.827148437500000000e-01 -5.557250976562500000e-02 -2.447509765625000000e-01
4.807128906250000000e-01 -1.083374023437500000e-01 -4.296875000000000000e-02
4.199218750000000000e-01 -5.343627929687500000e-02 1.753234863281250000e-02
3.378906250000000000e-01 -7.763671875000000000e-02 2.169189453125000000e-01
1.845703125000000000e-01 -1.040039062500000000e-01 1.256103515625000000e-01
1.502685546875000000e-01 -5.957031250000000000e-02 -2.531738281250000000e-01
-4.324340820312500000e-02 -9.344482421875000000e-02 6.396484375000000000e-02
-1.651611328125000000e-01 -4.251098632812500000e-02 1.739501953125000000e-02
-4.123535156250000000e-01 4.315185546875000000e-02 -5.359649658203125000e-03
1.142883300781250000e-02 -1.001586914062500000e-01 -2.613830566406250000e-02
1.146240234375000000e-01 -8.184814453125000000e-02 -1.091918945312500000e-01
2.495117187500000000e-01 -8.148193359375000000e-02 2.539062500000000000e-01
-3.076171875000000000e-01 -7.611083984375000000e-02 -4.843139648437500000e-02
